[-8.1515e-01],
[ 6.3116e-01],
[-2.2399e-01],
[-4.0223e-01],
[-6.7544e-01],
[ 1.1315e-01],
[ 7.2065e-01],
[-1.2807e+00],
[ 1.0570e+00],
[-1.2874e+00],
[-1.4669e+00],
[ 6.1522e-01],
[ 1.1181e-01],
[ 8.5343e-02],
[-1.1406e+00],
[-2.3722e-01],
[-2.4069e+00],
[ 1.4199e-01],
[-6.6933e-01],
[-1.6728e-01],
[ 6.3352e-01],
[-2.2293e+00],
[ 6.3404e-01],
[ 2.0068e+00],
[-4.1665e-01],
[-1.2134e-01],
[ 4.2983e-01],
[-1.7675e-01],
[ 1.4877e+00],
[-1.2577e+00],
[-4.4927e-01],
[ 2.5084e+00],
[-6.9695e-02],
[-1.6723e+00],
[ 5.8283e-01],
[-1.0021e+00],
[ 1.1223e+00],
[-3.6173e-01],
[ 1.2049e+00],
[-3.0667e-01],
[-1.2086e-01],
[-5.1507e-01],
[-2.8719e-01],
[ 5.8268e-01],
[ 1.1969e-01],
[ 3.2775e-01],
[-6.0532e-02],
[ 1.5411e+00],
[ 2.4371e-01],
[ 7.1901e-01],
[-8.5440e-01],
[ 4.3032e-01],
[-3.0500e-02],
[ 9.9966e-02],
[ 1.3648e+00],
[ 1.1198e+00],
[ 4.8047e-01],
[-9.6976e-02],
[-1.0259e+00],
[-1.1387e+00],
[ 1.1217e-01],
[-5.8147e-01],
[-1.0342e-01],
[ 1.1675e-03],
[ 3.6427e-01],
[ 5.3194e-01],
[-1.3223e-01],
[-5.8822e-01],
[-3.7684e-01],
[ 2.0950e-01],
[ 1.1594e+00],
[-2.7127e-01],
[-5.2530e-01],
[-4.5312e-02],
[-1.2237e+00],
[-1.9703e+00],
[-1.0195e+00],
[ 4.2871e-01],
[-1.0631e+00],
[ 2.1331e-01],
[-4.0875e-01],
[ 1.3137e-02],
[-3.4237e-01],
[-2.4460e+00],
[-1.4533e+00],
[-8.6842e-01],
[ 4.4130e-01],
[-1.6383e-01],
[-1.4678e+00],
[-1.0212e+00],
[-1.2179e+00],
[ 8.2220e-01],
[ 3.5564e-01],
[ 1.5297e+00],
[-2.6340e-01],
[-1.3657e+00],
[ 4.2944e-01],
[ 1.6067e+00],
[ 7.9023e-01],
[-7.1044e-02],
[ 7.9714e-01],
[ 1.1121e+00],
[-7.5237e-02],
[-1.0239e+00],
[ 1.8489e+00],
[ 2.2906e-01],
[ 1.0235e+00],
[-2.3445e+00],
[-7.9376e-01],
[-5.7457e-01],
[ 1.3555e+00],
[ 2.8852e-01],
[ 9.7349e-01],
[ 9.5033e-01],
[ 5.1406e-01],
[-9.5737e-01],
[ 1.0410e+00],
[ 1.2900e+00],
[-8.2873e-01],
[ 7.7122e-01],
[ 2.0091e-01],
[ 2.0900e+00],
[-9.6603e-01],
[-4.7627e-02],
[ 6.3602e-01],
[ 4.7911e-01],
[ 9.8090e-02],
[ 1.3424e-01]