[ 0.3793],
[-0.0146],
[ 0.3081],
[-0.8566],
[-1.2537],
[-0.6011],
[ 0.8744],
[-0.6003],
[ 1.2768],
[ 0.2005],
[ 0.9312],
[-1.3931],
[ 0.0529],
[-0.9791],
[-0.1988],
[ 0.1044],
[-2.1933],
[-1.0166],
[-0.2168],
[-0.0589],
[-1.2768],
[ 1.2298],
[ 0.2196],
[ 0.7033],
[-0.8578],
[-0.3271],
[-0.7933],
[ 0.6023],
[-0.7727],
[-1.3009],
[-0.2177],
[-0.3381],
[ 1.9794],
[-0.0849],
[ 0.7789],
[-0.3507],
[ 0.6700],
[-0.9352],
[ 0.4595],
[-1.5829],
[-0.8432],
[ 1.0826],
[-0.2474],
[-1.0740],
[ 0.4465],
[ 0.1958],
[ 0.4928],
[-0.5989],
[ 0.9878],
[-0.2444],
[ 1.3058],
[-0.6369],
[ 1.1334],
[-0.8167],
[-0.0164],
[ 0.8092],
[-0.6791],
[-0.4294],
[ 1.5347],
[ 0.7966],
[ 2.2179],
[-1.1560],
[-0.4505],
[-1.7141],
[ 0.8180],
[-0.0532],
[-0.9413],
[-1.0595],
[-1.1116],
[-0.9853],
[ 0.0065],
[-1.2737],
[-0.7604],
[ 0.7580],
[-1.0060],
[-0.6991],
[-1.6542],
[-0.3913],
[ 0.0920],
[-1.4564],
[-0.4250],
[ 0.5319],
[ 0.1681],
[ 0.9533],
[ 0.3961],
[-0.5643],
[ 0.9639],
[ 1.7470],
[ 0.1433],
[-0.8859],
[ 0.5085],
[ 0.8556],
[-0.2042],
[-0.4823],
[ 0.0219],
[ 0.4599],
[-0.8892],
[-0.0854],
[-0.1879],
[ 0.4440],
[-1.7850],
[ 0.9268],
[ 0.7746],
[-0.8327],
[-0.3029],
[-2.2288],
[-0.5421],
[-1.2436],
[-0.8982],
[-0.9209],
[-1.6689],
[-1.1222],
[-0.4462],
[-0.4034],
[-0.3282],
[ 0.8287],
[-2.3713],
[ 0.8995],
[-0.3500],
[-1.0238],
[-0.5713],
[ 0.0315],
[-0.3614],
[-0.1164],
[-0.8492],
[ 0.8270],
[ 0.2468],
[-1.0193]